12332223322232222223322110012322232223222331
23443323434353444434323220023423353435332432
34554423546474544545324330034524474647442543
34554423546363422445324330034413363636331443
34554534435363300234435342244413363636331443
35775657645474300246756354455634474647443653
23443434323353200123434244443423353435332432
13432335555454322454345443223555454555433432
02200223234344443432334321002344343432322222
03300334235454454532445321003455464532433333
14532434235442244532445321003333364532444433
14543535344320023443434433224333353443545543
14554636576420024675546755445455454675645543
02222424343210012343323434444344332343423332
01111212233210012332223322222233222332211111